35.86
36.08
36.11
36.11
36.38
36.57
36.65
36.57
36.64
36.80
36.91
37.24
37.19
36.99
36.87
36.80
36.73
36.83
36.72
36.56
36.77
36.76
36.52
36.71
36.48
36.16
36.18
36.75
36.92
37.03
36.84
37.21
37.40
37.58
37.58
37.74
37.61
37.70
37.82
37.86
38.01
37.88
37.78
37.86
37.96
37.88
38.01
37.65
38.02
38.04
37.98
38.52
38.69
38.69
38.70
38.77
38.41
38.72
38.86
38.83
38.72
38.80
38.82
38.56
37.96
37.83
38.00
37.72
38.03
37.85
37.21
37.42
37.38
37.73
38.10
38.14
38.45
38.46
38.63
38.77
38.81
38.62
38.80
38.75
38.93
38.89
39.70
39.77
39.90
40.08
40.05
40.21
40.27
40.29
40.28
40.34
40.54
40.69
40.72
40.71
40.61
40.40
40.49
40.52
40.59
40.82
40.86
40.92
40.91
40.72
40.87
40.84
40.90
40.89
41.10
41.12
41.29
41.17
40.96
41.11
40.98
41.03
41.18
41.12
41.25
40.88
41.20
41.13
41.28
41.34
41.35
41.20
41.21
41.07
41.08
40.46
40.37
40.59
40.30
40.31
40.15
40.49
40.58
40.54
40.75
40.88
40.88
41.15
41.31
41.39
41.48
41.43
41.57
41.61
41.62
41.57
41.67
41.66
41.64
41.59
41.75
41.66
41.45
41.57
41.61
41.42
41.40
41.63
41.67
41.83
41.82
41.56
41.38
41.63
41.12
41.39
41.31
41.23
40.82
40.82
41.16
41.12
40.65
41.19
40.55
40.20
39.71
39.76
39.51
39.52
39.90
40.17
40.76
40.54
40.92
41.14
41.09
41.46
41.42
41.62
41.99
41.98
41.89
42.08
42.22
42.23
42.33
42.36
42.34
42.36
42.37
42.40
42.57
42.53
42.59
42.77
42.86
42.83
42.92
42.84
42.62
42.83
42.96
42.93
42.98
42.75
42.74
42.21
42.36
41.84
41.64
40.79
41.42
42.18
42.32
42.45
42.51
42.51
42.61
42.65
42.49
42.16
42.15
41.56
41.28
41.66
42.22
41.95
41.69
41.61
41.43
41.14
41.56
41.61
41.76
42.25
42.07
42.15
41.72
41.30
41.60
41.19
41.59
42.05
41.93
42.26
42.16
42.02
42.37
42.38
42.70
42.83
42.89
42.88
42.85
43.05
43.04
43.14
43.12
43.07
42.98
43.18
43.03
42.89
42.93
42.47
42.60
42.05
41.99
42.40
42.21
42.64
42.54
42.93
42.77
43.07
43.01
42.81
42.33
42.26
42.34
42.74
42.45
42.33
42.44
42.66
42.59
42.69
42.84
43.01
42.86
42.91
43.08
43.06
42.68
42.98
42.94
43.10
43.18
43.26
43.12
43.22
43.09
42.76
43.12
43.22
42.83
42.69
42.82
43.26
43.10
43.01
43.00
43.36
43.39
43.50
43.48
43.45
43.54
43.46
43.12
43.43
43.39
43.18
43.25
43.22
43.30
43.01
42.96
42.76
42.77
43.17
43.23
43.00
42.85
43.04
43.10
43.44
43.26
43.46
43.49
43.24
43.14
43.14
42.45
42.54
42.77
42.76
42.63
42.83
42.30
42.37
42.77
43.13
43.28
43.26
43.52
43.56
43.59
43.44
43.37
43.18
42.83
42.64
43.04
43.29
43.29
43.21
43.12
43.05
43.16
42.92
42.82
43.24
42.93
42.97
42.93
43.06
43.24
43.16
42.89
42.20
41.18
39.95
39.55
40.70
41.45
41.47
41.21
40.29
40.85
40.89
40.42
41.18
40.75
40.91
41.06
40.94
41.33
41.61
41.53
41.02
41.16
40.78
40.72
40.62
40.60
39.83
39.87
40.44
40.50
40.94
41.50
41.39
41.65
41.93
41.96
42.00
41.78
41.63
42.11
42.25
42.26
42.22
42.03
42.57
42.93
42.86
42.78
43.17
43.16
43.00
43.39
43.48
43.37
43.34
43.33
43.01
43.07
42.97
42.51
42.15
42.63
42.60
43.12
43.09
43.22
43.18
43.22
43.22
43.25
43.09
43.45
43.09
42.62
43.29
43.06
42.84
42.59
42.67
42.04
42.20
42.54
43.01
42.52
41.94
41.19
41.47
41.86
41.81
41.74
42.08
41.86
41.56
41.08
41.14
40.75
40.02
39.69
39.72
39.95
39.21
39.69
39.06
39.07
38.74
38.89
39.47
39.01
39.42
39.10
39.26
39.99
39.98
39.42
39.57
39.62
39.08
38.67
38.66
38.66
38.31
38.87
39.35
39.84
39.70
39.71
40.14
39.76
39.90
40.24
40.19
39.95
40.66
40.79
40.90
41.00
41.03
40.69
40.85
40.86
41.37
41.33
41.28
41.45
41.66
41.80
41.83
41.81
41.61
41.59
41.61
41.90
42.04
41.97
42.18
42.08
41.75
42.10
41.72
41.80
41.72
42.02
42.35
42.36
42.33
42.54
42.64
42.67
42.50
42.50
42.44
42.50
42.56
42.26
42.09
42.34
42.07
41.88
41.88
41.99
42.01
42.41
42.12
42.12
41.85
42.16
41.87
41.88
41.76
41.96
41.89
42.33
42.56
42.55
42.70
42.67
42.71
42.81
42.71
42.87
42.91
43.03
42.97
42.67
42.42
42.36
42.30
42.41
42.30
42.49
42.58
42.53
42.96
41.78
41.20
41.77
42.31
42.75
42.82
42.59
42.78
42.76
43.25
43.37
43.60
43.61
43.79
43.75
43.84
43.79
43.94
43.81
43.97
43.87
43.88
43.84
43.89
43.95
43.91
43.69
43.81
43.82
44.11
44.09
44.10
44.02
44.18
44.16
44.26
44.07
44.15
44.22
44.18
44.16
44.23
44.05
44.00
43.95
44.13
44.07
44.00
44.00
44.14
44.24
44.25
44.17
43.33
43.83
43.34
43.32
43.66
43.53
43.53
43.21
43.59
43.17
43.24
43.98
43.89
43.88
43.88
43.98
43.24
43.18
43.15
43.75
43.34
43.12
43.48
43.19
43.25
43.94
43.31
43.86
43.41
44.00
43.34
43.69
43.85
43.33
43.77
43.68
43.44
43.47
43.28
43.23
43.20
43.12
43.82
43.89
43.44
43.25
43.37
43.63
43.96
43.31
43.72
43.15
43.47
43.65
43.47
43.53
43.09
43.23
43.91
43.54
43.91
44.13
43.93
43.64
43.86
44.05
43.73
44.00
43.89
43.73
43.89
43.91
43.80
43.95
43.53
43.57
43.47
43.47
43.37
43.58
43.66
43.61
43.61
43.77
43.64
43.58
43.48
43.38
43.38
43.15
42.94
42.81
42.75
43.48
43.62
44.00
44.07
44.02
44.02
44.28
44.24
44.40
44.32
44.58
44.65
44.68
44.82
44.64
44.70
44.61
44.49
44.50
44.71
44.83
45.29
45.37
45.58
45.54
45.78
45.49
45.63
45.57
44.76
44.90
44.81
44.75
44.80
44.87
44.59
44.58
44.42
44.71
44.92
44.89
45.03
44.90
44.90
45.01
44.93
45.00
44.89
44.96
44.83
44.95
44.86
45.09
45.37
45.34
45.31
45.10
45.07
45.09
45.11
45.37
45.30
45.31
45.34
45.55
45.68
45.68
45.87
46.21
46.19
46.25
46.47
46.43
46.45
46.51
46.55
46.46
46.97
46.75
46.77
46.77
46.55
46.48
46.51
46.62
46.65
46.53
46.83
46.78
46.73
46.66
46.20
46.27
46.24
46.21
46.17
46.43
46.48
46.59
46.50
46.45
46.47
46.36
46.44
46.41
46.44
46.39
46.26
46.01
46.32
46.22
46.16
46.43
46.32
46.72
46.94
46.92
46.95
46.88
46.94
46.98
46.94
46.97
47.12
47.12
47.09
47.14
47.08
47.02
47.20
47.18
46.52
46.65
46.90
47.09
47.16
47.26
47.43
47.44
47.41
47.39
47.68
47.82
47.78
47.67
47.74
47.75
47.72
47.68
47.86
47.83
47.75
47.76
48.08
47.82
47.81
47.79
47.85
47.86
47.55
47.14
47.12
47.13
47.13
47.17
47.27
47.07
47.07
47.29
47.08
47.21
47.06
47.05
47.06
47.07
47.19
47.08
47.11
47.11
47.22
47.17
47.14
47.12
47.07
47.13
47.17
47.14
47.09
47.29
47.22
47.30
47.12
47.25
47.21
47.30
47.15
47.23
47.89
47.57
47.63
47.72
47.78
47.44
47.68
47.72
47.69
47.96
48.04
48.21
48.21
48.24
48.45
48.44
48.43
48.39
48.50
48.51
48.48
48.43
48.40
48.49
48.52
48.44
48.52
48.58
48.49
48.48
47.94
47.99
48.37
48.36
48.43
47.84
47.77
47.81
48.19
48.06
47.99
48.05
48.07
48.11
48.30
48.52
48.60
48.60
48.60
48.60
48.60
